process_id     waiting time   TAT            WTAT           
1              78.4           95.4           5.612
2              0.1            7.8            1.013
3              12.5           20.5           2.563
4              29.3           44.7           2.903
5              60.2           76.4           4.716
6              92.0           109.0          6.412
7              17.3           26.7           2.84
8              107.0          125.5          6.784
9              1.6            6.4            1.333
10             39.4           55.4           3.462

AVG TAT = 56.78
AVG WTAT = 3.764
